1,  0.2,  0,     0.9,  2
1,  1.0,  0.2,   0.9,  2
1,  1.8,  0,     0.9,  2
2,  0.2,  0.3,   0.91, 2
2,  1.0,  0.5,   0.91, 2
2,  1.7,  0.55,  0.91, 2
3,  1.2,  -0.4,  0.8,  2
4,  0.5,  -0.9,  0.79, 2
5,  1.5,  -1.0,  0.82, 2
6,  1.9,  -1.0,  0.72, 2
6,  1.75, -1.25, 0.92, 2
7,  0.8,  -2.5,  0.85, 2
8,  1.35,  -1.8,  0.88, 2
10, 1.9,   -1.8,  0.88, 2
11, 1.70,  -2.6,  0.88, 2
12, 1.70,   2.8,  0.88, 2
13, 1.30,   3.1,  0.95, 2
14, 0.90,   2.7,  0.92, 2
15, 0.45,   2.89, 0.96, 2
16, 0.55,   1.8,  0.96, 2
16, 0.85,   2.0,  0.96, 2
16, 1.00,   2.2,  0.96, 2
16, 1.25,   2.3,  0.94, 2
16, 1.58,   2.13, 0.96, 2
17, 1.90,   2.18, 0.94, 2
17, 2.30,   2.4,  0.94, 2
18, 2.30,   -3.0, 0.92, 2
19, 2.80,   -3.0, 0.90, 2
20, 2.45,   -2.55,0.92, 2
21, 2.48,   -1.73,0.986,2
22, 2.70,   -1.60,0.980,2
22, 2.75,   -1.35,0.980,2
23, 2.85,   -0.65,0.965,2
23, 2.65,   -0.35,0.965,2
23, 2.35,   -0.2, 0.965,2
24, 2.3,    -0.0, 0.95, 2
24, 2.3,     0.3, 0.95, 2
25, 2.8,     0.3, 0.95, 2
26, 2.8,     1.3, 0.92, 2
27, 2.3,     1.9, 0.94, 2
28, 2.3,     0.8, 0.95, 2
28, 2.3,     1.2, 0.95, 2
29, 2.0,     1.75,0.96, 2
29, 1.8,     1.80,0.96, 2
29, 1.6,     1.90,0.96, 2
30, 1.9,     1.10,0.95, 2
31, 1.7,     1.50,0.92, 2
32, 1.5,     0.90,0.94, 2
33, 1.35,    1.9, 0.955,2
34, 0.9,     1.8, 0.94, 2
35, 0.6,     1.35,0.94, 1
36, 1.15,    1.25,0.935,0
